<html>
  <head>
    <meta charset="utf-8" />
  </head>
  <body>
    <div>
      <script type="text/javascript">
        window.PlotlyConfig = { MathJaxConfig: "local" };
      </script>
      <script src="https://cdn.plot.ly/plotly-2.18.0.min.js"></script>
      <div
        id="eb944bc4-e80a-466a-8665-ee9a9606b15d"
        class="plotly-graph-div"
        style="height: 100%; width: 100%"
      ></div>
      <script type="text/javascript">
        window.PLOTLYENV = window.PLOTLYENV || {};
        if (document.getElementById("eb944bc4-e80a-466a-8665-ee9a9606b15d")) {
          Plotly.newPlot(
            "eb944bc4-e80a-466a-8665-ee9a9606b15d",
            [
              {
                coloraxis: "coloraxis",
                name: "0",
                texttemplate: "%{z}",
                x: [
                  "diff_OBA",
                  "diff_XBH",
                  "diff_Score_Diff",
                  "diff_inn_p",
                  "diff_thrown",
                  "diff_ppi",
                  "diff_CERA",
                  "diff_PTB",
                  "diff_Pythag",
                  "diff_ISO",
                  "diff_WHIP",
                  "diff_OBP",
                  "diff_BABIP",
                  "diff_DICE",
                ],
                y: [
                  "diff_OBA",
                  "diff_XBH",
                  "diff_Score_Diff",
                  "diff_inn_p",
                  "diff_thrown",
                  "diff_ppi",
                  "diff_CERA",
                  "diff_PTB",
                  "diff_Pythag",
                  "diff_ISO",
                  "diff_WHIP",
                  "diff_OBP",
                  "diff_BABIP",
                  "diff_DICE",
                ],
                z: [
                  [
                    1.0, 0.021211022968547724, -0.5183449357608284,
                    -0.49794103011334995, -0.041321424794394955,
                    0.11404118143693286, 0.4236062112016232, 0.5535140786202837,
                    -0.5206309932790038, 0.024478249652124178,
                    0.9252984636979565, 0.01589637164546051,
                    0.12267535341611217, 0.0189847141713516,
                  ],
                  [
                    0.021211022968547724, 1.0, 0.44851406008333455,
                    0.05880838610393828, 0.08772852172105285,
                    0.0548886548740879, 0.28017950454592544,
                    0.19232028633657636, 0.4474786391723545, 0.9172163542665895,
                    0.05023058530871527, 0.10370823192282756, 0.401099898682868,
                    0.010223876759913273,
                  ],
                  [
                    -0.5183449357608284, 0.44851406008333455, 1.0,
                    0.4165088600467863, -0.20785017073572826,
                    -0.3071813038494962, -0.10433314844024451,
                    -0.17795801880076753, 0.9968285368459765,
                    0.42341466835659536, -0.5912493014623966,
                    0.08601775023628085, 0.29383999209026396,
                    -0.05454228026484482,
                  ],
                  [
                    -0.49794103011334995, 0.05880838610393828,
                    0.4165088600467863, 1.0, -0.29052659881625587,
                    -0.5312399053117016, 0.20062007687401173,
                    0.11240710631561482, 0.421861761819838, 0.10461174526836389,
                    -0.6238080374783459, 0.06298636488428892,
                    -0.178245313812576, -0.02356792064466158,
                  ],
                  [
                    -0.041321424794394955, 0.08772852172105285,
                    -0.20785017073572826, -0.29052659881625587, 1.0,
                    0.9526749789868506, -0.01570395031083475,
                    -0.25746968109783963, -0.20721031908056411,
                    0.03830254266002429, 0.24330025572738512,
                    -0.027255433788310877, 0.03237914712263035,
                    0.06013033597862865,
                  ],
                  [
                    0.11404118143693286, 0.0548886548740879,
                    -0.3071813038494962, -0.5312399053117016,
                    0.9526749789868506, 1.0, -0.06379171187721472,
                    -0.24965166200647027, -0.3078693843773644,
                    -0.00040969552763740963, 0.39774554176585775,
                    -0.04529673024729342, 0.06780345451847473,
                    0.05664334469147665,
                  ],
                  [
                    0.4236062112016232, 0.28017950454592544,
                    -0.10433314844024451, 0.20062007687401173,
                    -0.01570395031083475, -0.06379171187721472, 1.0,
                    0.9095274625777152, -0.10036085483141402,
                    0.3298204998976768, 0.3886642593863361, 0.08479277324311868,
                    -0.0011257649498182145, 0.07414889100482057,
                  ],
                  [
                    0.5535140786202837, 0.19232028633657636,
                    -0.17795801880076753, 0.11240710631561482,
                    -0.25746968109783963, -0.24965166200647027,
                    0.9095274625777152, 1.0, -0.1748469068020783,
                    0.2525027796870629, 0.4478730717404597, 0.06589169252096976,
                    -0.016251186082992093, 0.05895335771064911,
                  ],
                  [
                    -0.5206309932790038, 0.4474786391723545, 0.9968285368459765,
                    0.421861761819838, -0.20721031908056411,
                    -0.3078693843773644, -0.10036085483141402,
                    -0.1748469068020783, 1.0, 0.4243381276837192,
                    -0.5930762414485266, 0.08497701625998258,
                    0.2857542489771735, -0.05248350470891554,
                  ],
                  [
                    0.024478249652124178, 0.9172163542665895,
                    0.42341466835659536, 0.10461174526836389,
                    0.03830254266002429, -0.00040969552763740963,
                    0.3298204998976768, 0.2525027796870629, 0.4243381276837192,
                    1.0, 0.035634660789739994, 0.1054758330037324,
                    0.19847829061300792, 0.015386238088207386,
                  ],
                  [
                    0.9252984636979565, 0.05023058530871527,
                    -0.5912493014623966, -0.6238080374783459,
                    0.24330025572738512, 0.39774554176585775,
                    0.3886642593863361, 0.4478730717404597, -0.5930762414485266,
                    0.035634660789739994, 1.0, 0.006580965691660818,
                    0.1359490055989044, 0.04051151674395135,
                  ],
                  [
                    0.01589637164546051, 0.10370823192282756,
                    0.08601775023628085, 0.06298636488428892,
                    -0.027255433788310877, -0.04529673024729342,
                    0.08479277324311868, 0.06589169252096976,
                    0.08497701625998258, 0.1054758330037324,
                    0.006580965691660818, 1.0, 0.07719619212744651,
                    -0.4531560712309142,
                  ],
                  [
                    0.12267535341611217, 0.401099898682868, 0.29383999209026396,
                    -0.178245313812576, 0.03237914712263035,
                    0.06780345451847473, -0.0011257649498182145,
                    -0.016251186082992093, 0.2857542489771735,
                    0.19847829061300792, 0.1359490055989044,
                    0.07719619212744651, 1.0, -0.0006623356406815434,
                  ],
                  [
                    0.0189847141713516, 0.010223876759913273,
                    -0.05454228026484482, -0.02356792064466158,
                    0.06013033597862865, 0.05664334469147665,
                    0.07414889100482057, 0.05895335771064911,
                    -0.05248350470891554, 0.015386238088207386,
                    0.04051151674395135, -0.4531560712309142,
                    -0.0006623356406815434, 1.0,
                  ],
                ],
                type: "heatmap",
                xaxis: "x",
                yaxis: "y",
                hovertemplate:
                  "x: %{x}<br>y: %{y}<br>color: %{z}<extra></extra>",
              },
            ],
            {
              template: {
                data: {
                  histogram2dcontour: [
                    {
                      type: "histogram2dcontour",
                      colorbar: { outlinewidth: 0, ticks: "" },
                      colorscale: [
                        [0.0, "#0d0887"],
                        [0.1111111111111111, "#46039f"],
                        [0.2222222222222222, "#7201a8"],
                        [0.3333333333333333, "#9c179e"],
                        [0.4444444444444444, "#bd3786"],
                        [0.5555555555555556, "#d8576b"],
                        [0.6666666666666666, "#ed7953"],
                        [0.7777777777777778, "#fb9f3a"],
                        [0.8888888888888888, "#fdca26"],
                        [1.0, "#f0f921"],
                      ],
                    },
                  ],
                  choropleth: [
                    {
                      type: "choropleth",
                      colorbar: { outlinewidth: 0, ticks: "" },
                    },
                  ],
                  histogram2d: [
                    {
                      type: "histogram2d",
                      colorbar: { outlinewidth: 0, ticks: "" },
                      colorscale: [
                        [0.0, "#0d0887"],
                        [0.1111111111111111, "#46039f"],
                        [0.2222222222222222, "#7201a8"],
                        [0.3333333333333333, "#9c179e"],
                        [0.4444444444444444, "#bd3786"],
                        [0.5555555555555556, "#d8576b"],
                        [0.6666666666666666, "#ed7953"],
                        [0.7777777777777778, "#fb9f3a"],
                        [0.8888888888888888, "#fdca26"],
                        [1.0, "#f0f921"],
                      ],
                    },
                  ],
                  heatmap: [
                    {
                      type: "heatmap",
                      colorbar: { outlinewidth: 0, ticks: "" },
                      colorscale: [
                        [0.0, "#0d0887"],
                        [0.1111111111111111, "#46039f"],
                        [0.2222222222222222, "#7201a8"],
                        [0.3333333333333333, "#9c179e"],
                        [0.4444444444444444, "#bd3786"],
                        [0.5555555555555556, "#d8576b"],
                        [0.6666666666666666, "#ed7953"],
                        [0.7777777777777778, "#fb9f3a"],
                        [0.8888888888888888, "#fdca26"],
                        [1.0, "#f0f921"],
                      ],
                    },
                  ],
                  heatmapgl: [
                    {
                      type: "heatmapgl",
                      colorbar: { outlinewidth: 0, ticks: "" },
                      colorscale: [
                        [0.0, "#0d0887"],
                        [0.1111111111111111, "#46039f"],
                        [0.2222222222222222, "#7201a8"],
                        [0.3333333333333333, "#9c179e"],
                        [0.4444444444444444, "#bd3786"],
                        [0.5555555555555556, "#d8576b"],
                        [0.6666666666666666, "#ed7953"],
                        [0.7777777777777778, "#fb9f3a"],
                        [0.8888888888888888, "#fdca26"],
                        [1.0, "#f0f921"],
                      ],
                    },
                  ],
                  contourcarpet: [
                    {
                      type: "contourcarpet",
                      colorbar: { outlinewidth: 0, ticks: "" },
                    },
                  ],
                  contour: [
                    {
                      type: "contour",
                      colorbar: { outlinewidth: 0, ticks: "" },
                      colorscale: [
                        [0.0, "#0d0887"],
                        [0.1111111111111111, "#46039f"],
                        [0.2222222222222222, "#7201a8"],
                        [0.3333333333333333, "#9c179e"],
                        [0.4444444444444444, "#bd3786"],
                        [0.5555555555555556, "#d8576b"],
                        [0.6666666666666666, "#ed7953"],
                        [0.7777777777777778, "#fb9f3a"],
                        [0.8888888888888888, "#fdca26"],
                        [1.0, "#f0f921"],
                      ],
                    },
                  ],
                  surface: [
                    {
                      type: "surface",
                      colorbar: { outlinewidth: 0, ticks: "" },
                      colorscale: [
                        [0.0, "#0d0887"],
                        [0.1111111111111111, "#46039f"],
                        [0.2222222222222222, "#7201a8"],
                        [0.3333333333333333, "#9c179e"],
                        [0.4444444444444444, "#bd3786"],
                        [0.5555555555555556, "#d8576b"],
                        [0.6666666666666666, "#ed7953"],
                        [0.7777777777777778, "#fb9f3a"],
                        [0.8888888888888888, "#fdca26"],
                        [1.0, "#f0f921"],
                      ],
                    },
                  ],
                  mesh3d: [
                    {
                      type: "mesh3d",
                      colorbar: { outlinewidth: 0, ticks: "" },
                    },
                  ],
                  scatter: [
                    {
                      fillpattern: {
                        fillmode: "overlay",
                        size: 10,
                        solidity: 0.2,
                      },
                      type: "scatter",
                    },
                  ],
                  parcoords: [
                    {
                      type: "parcoords",
                      line: { colorbar: { outlinewidth: 0, ticks: "" } },
                    },
                  ],
                  scatterpolargl: [
                    {
                      type: "scatterpolargl",
                      marker: { colorbar: { outlinewidth: 0, ticks: "" } },
                    },
                  ],
                  bar: [
                    {
                      error_x: { color: "#2a3f5f" },
                      error_y: { color: "#2a3f5f" },
                      marker: {
                        line: { color: "#E5ECF6", width: 0.5 },
                        pattern: {
                          fillmode: "overlay",
                          size: 10,
                          solidity: 0.2,
                        },
                      },
                      type: "bar",
                    },
                  ],
                  scattergeo: [
                    {
                      type: "scattergeo",
                      marker: { colorbar: { outlinewidth: 0, ticks: "" } },
                    },
                  ],
                  scatterpolar: [
                    {
                      type: "scatterpolar",
                      marker: { colorbar: { outlinewidth: 0, ticks: "" } },
                    },
                  ],
                  histogram: [
                    {
                      marker: {
                        pattern: {
                          fillmode: "overlay",
                          size: 10,
                          solidity: 0.2,
                        },
                      },
                      type: "histogram",
                    },
                  ],
                  scattergl: [
                    {
                      type: "scattergl",
                      marker: { colorbar: { outlinewidth: 0, ticks: "" } },
                    },
                  ],
                  scatter3d: [
                    {
                      type: "scatter3d",
                      line: { colorbar: { outlinewidth: 0, ticks: "" } },
                      marker: { colorbar: { outlinewidth: 0, ticks: "" } },
                    },
                  ],
                  scattermapbox: [
                    {
                      type: "scattermapbox",
                      marker: { colorbar: { outlinewidth: 0, ticks: "" } },
                    },
                  ],
                  scatterternary: [
                    {
                      type: "scatterternary",
                      marker: { colorbar: { outlinewidth: 0, ticks: "" } },
                    },
                  ],
                  scattercarpet: [
                    {
                      type: "scattercarpet",
                      marker: { colorbar: { outlinewidth: 0, ticks: "" } },
                    },
                  ],
                  carpet: [
                    {
                      aaxis: {
                        endlinecolor: "#2a3f5f",
                        gridcolor: "white",
                        linecolor: "white",
                        minorgridcolor: "white",
                        startlinecolor: "#2a3f5f",
                      },
                      baxis: {
                        endlinecolor: "#2a3f5f",
                        gridcolor: "white",
                        linecolor: "white",
                        minorgridcolor: "white",
                        startlinecolor: "#2a3f5f",
                      },
                      type: "carpet",
                    },
                  ],
                  table: [
                    {
                      cells: {
                        fill: { color: "#EBF0F8" },
                        line: { color: "white" },
                      },
                      header: {
                        fill: { color: "#C8D4E3" },
                        line: { color: "white" },
                      },
                      type: "table",
                    },
                  ],
                  barpolar: [
                    {
                      marker: {
                        line: { color: "#E5ECF6", width: 0.5 },
                        pattern: {
                          fillmode: "overlay",
                          size: 10,
                          solidity: 0.2,
                        },
                      },
                      type: "barpolar",
                    },
                  ],
                  pie: [{ automargin: true, type: "pie" }],
                },
                layout: {
                  autotypenumbers: "strict",
                  colorway: [
                    "#636efa",
                    "#EF553B",
                    "#00cc96",
                    "#ab63fa",
                    "#FFA15A",
                    "#19d3f3",
                    "#FF6692",
                    "#B6E880",
                    "#FF97FF",
                    "#FECB52",
                  ],
                  font: { color: "#2a3f5f" },
                  hovermode: "closest",
                  hoverlabel: { align: "left" },
                  paper_bgcolor: "white",
                  plot_bgcolor: "#E5ECF6",
                  polar: {
                    bgcolor: "#E5ECF6",
                    angularaxis: {
                      gridcolor: "white",
                      linecolor: "white",
                      ticks: "",
                    },
                    radialaxis: {
                      gridcolor: "white",
                      linecolor: "white",
                      ticks: "",
                    },
                  },
                  ternary: {
                    bgcolor: "#E5ECF6",
                    aaxis: {
                      gridcolor: "white",
                      linecolor: "white",
                      ticks: "",
                    },
                    baxis: {
                      gridcolor: "white",
                      linecolor: "white",
                      ticks: "",
                    },
                    caxis: {
                      gridcolor: "white",
                      linecolor: "white",
                      ticks: "",
                    },
                  },
                  coloraxis: { colorbar: { outlinewidth: 0, ticks: "" } },
                  colorscale: {
                    sequential: [
                      [0.0, "#0d0887"],
                      [0.1111111111111111, "#46039f"],
                      [0.2222222222222222, "#7201a8"],
                      [0.3333333333333333, "#9c179e"],
                      [0.4444444444444444, "#bd3786"],
                      [0.5555555555555556, "#d8576b"],
                      [0.6666666666666666, "#ed7953"],
                      [0.7777777777777778, "#fb9f3a"],
                      [0.8888888888888888, "#fdca26"],
                      [1.0, "#f0f921"],
                    ],
                    sequentialminus: [
                      [0.0, "#0d0887"],
                      [0.1111111111111111, "#46039f"],
                      [0.2222222222222222, "#7201a8"],
                      [0.3333333333333333, "#9c179e"],
                      [0.4444444444444444, "#bd3786"],
                      [0.5555555555555556, "#d8576b"],
                      [0.6666666666666666, "#ed7953"],
                      [0.7777777777777778, "#fb9f3a"],
                      [0.8888888888888888, "#fdca26"],
                      [1.0, "#f0f921"],
                    ],
                    diverging: [
                      [0, "#8e0152"],
                      [0.1, "#c51b7d"],
                      [0.2, "#de77ae"],
                      [0.3, "#f1b6da"],
                      [0.4, "#fde0ef"],
                      [0.5, "#f7f7f7"],
                      [0.6, "#e6f5d0"],
                      [0.7, "#b8e186"],
                      [0.8, "#7fbc41"],
                      [0.9, "#4d9221"],
                      [1, "#276419"],
                    ],
                  },
                  xaxis: {
                    gridcolor: "white",
                    linecolor: "white",
                    ticks: "",
                    title: { standoff: 15 },
                    zerolinecolor: "white",
                    automargin: true,
                    zerolinewidth: 2,
                  },
                  yaxis: {
                    gridcolor: "white",
                    linecolor: "white",
                    ticks: "",
                    title: { standoff: 15 },
                    zerolinecolor: "white",
                    automargin: true,
                    zerolinewidth: 2,
                  },
                  scene: {
                    xaxis: {
                      backgroundcolor: "#E5ECF6",
                      gridcolor: "white",
                      linecolor: "white",
                      showbackground: true,
                      ticks: "",
                      zerolinecolor: "white",
                      gridwidth: 2,
                    },
                    yaxis: {
                      backgroundcolor: "#E5ECF6",
                      gridcolor: "white",
                      linecolor: "white",
                      showbackground: true,
                      ticks: "",
                      zerolinecolor: "white",
                      gridwidth: 2,
                    },
                    zaxis: {
                      backgroundcolor: "#E5ECF6",
                      gridcolor: "white",
                      linecolor: "white",
                      showbackground: true,
                      ticks: "",
                      zerolinecolor: "white",
                      gridwidth: 2,
                    },
                  },
                  shapedefaults: { line: { color: "#2a3f5f" } },
                  annotationdefaults: {
                    arrowcolor: "#2a3f5f",
                    arrowhead: 0,
                    arrowwidth: 1,
                  },
                  geo: {
                    bgcolor: "white",
                    landcolor: "#E5ECF6",
                    subunitcolor: "white",
                    showland: true,
                    showlakes: true,
                    lakecolor: "white",
                  },
                  title: { x: 0.05 },
                  mapbox: { style: "light" },
                },
              },
              xaxis: {
                anchor: "y",
                domain: [0.0, 1.0],
                scaleanchor: "y",
                constrain: "domain",
              },
              yaxis: {
                anchor: "x",
                domain: [0.0, 1.0],
                autorange: "reversed",
                constrain: "domain",
              },
              coloraxis: {
                colorscale: [
                  [0.0, "#313131"],
                  [0.0625, "#97023d"],
                  [0.125, "#d90d39"],
                  [0.1875, "#f8432d"],
                  [0.25, "#ff8e25"],
                  [0.3125, "#f7da29"],
                  [0.375, "#fafd5b"],
                  [0.4375, "#fffda9"],
                  [0.5, "#f3f3f1"],
                  [0.5625, "#aefdff"],
                  [0.625, "#60fdfa"],
                  [0.6875, "#2adef6"],
                  [0.75, "#2593ff"],
                  [0.8125, "#2d47f9"],
                  [0.875, "#3810dc"],
                  [0.9375, "#3d019d"],
                  [1.0, "#313131"],
                ],
                cmin: -1,
                cmax: 1,
              },
              margin: { t: 60 },
            },
            { responsive: true }
          );
        }
      </script>
    </div>
  </body>
</html>
