<html>
  <head>
    <meta charset="utf-8" />
  </head>
  <body>
    <div>
      <script type="text/javascript">
        window.PlotlyConfig = { MathJaxConfig: "local" };
      </script>
      <script src="https://cdn.plot.ly/plotly-2.18.0.min.js"></script>
      <div
        id="d0ac0bbe-a2f3-44f9-a349-60b36558739e"
        class="plotly-graph-div"
        style="height: 100%; width: 100%"
      ></div>
      <script type="text/javascript">
        window.PLOTLYENV = window.PLOTLYENV || {};
        if (document.getElementById("d0ac0bbe-a2f3-44f9-a349-60b36558739e")) {
          Plotly.newPlot(
            "d0ac0bbe-a2f3-44f9-a349-60b36558739e",
            [
              {
                coloraxis: "coloraxis",
                name: "0",
                texttemplate: "%{z}",
                x: [
                  "diff_BA",
                  "diff_OBA",
                  "diff_XBH",
                  "diff_Score_Diff",
                  "diff_INN_P",
                  "diff_PT",
                  "diff_CERA",
                  "diff_Pythag",
                  "diff_ISO",
                  "diff_OPS",
                ],
                y: [
                  "diff_BA",
                  "diff_OBA",
                  "diff_XBH",
                  "diff_Score_Diff",
                  "diff_INN_P",
                  "diff_PT",
                  "diff_CERA",
                  "diff_Pythag",
                  "diff_ISO",
                  "diff_OPS",
                ],
                z: [
                  [
                    1.0, 0.0667926756192203, 0.5043356716904014,
                    0.5001347212933877, -0.041213662113342875,
                    0.017885359634744268, 0.083696169210735, 0.4817464504784255,
                    0.3425670215160521, 0.7698806562617596,
                  ],
                  [
                    0.0667926756192203, 1.0, 0.03683337377884939,
                    -0.4418506856687852, -0.3998026575689746,
                    -0.2687901620859566, 0.8845256517143494,
                    -0.43842227169683756, 0.03630680340966683,
                    0.056802808375239724,
                  ],
                  [
                    0.5043356716904014, 0.03683337377884939, 1.0,
                    0.4722941469733562, 0.03884579905459989,
                    0.08777767178223442, 0.1048265961228055,
                    0.46088544084715544, 0.911522748293249, 0.450478184904359,
                  ],
                  [
                    0.5001347212933877, -0.4418506856687852, 0.4722941469733562,
                    1.0, 0.37985215384493715, 0.18930412830371623,
                    -0.4316117247633822, 0.9714001404776649, 0.4371822249579502,
                    0.27281656305546603,
                  ],
                  [
                    -0.041213662113342875, -0.3998026575689746,
                    0.03884579905459989, 0.37985215384493715, 1.0,
                    0.7403524182547379, -0.47351730705405853,
                    0.39716339095913145, 0.10845291924724915,
                    -0.1475663832367419,
                  ],
                  [
                    0.017885359634744268, -0.2687901620859566,
                    0.08777767178223442, 0.18930412830371623,
                    0.7403524182547379, 1.0, -0.20991947923136864,
                    0.1847231699042932, 0.1448576331580829, 0.20177970890368935,
                  ],
                  [
                    0.083696169210735, 0.8845256517143494, 0.1048265961228055,
                    -0.4316117247633822, -0.47351730705405853,
                    -0.20991947923136864, 1.0, -0.41991245613186723,
                    0.0938792816491908, 0.2397794858478167,
                  ],
                  [
                    0.4817464504784255, -0.43842227169683756,
                    0.46088544084715544, 0.9714001404776649,
                    0.39716339095913145, 0.1847231699042932,
                    -0.41991245613186723, 1.0, 0.4401791651233949,
                    0.24747189887026985,
                  ],
                  [
                    0.3425670215160521, 0.03630680340966683, 0.911522748293249,
                    0.4371822249579502, 0.10845291924724915, 0.1448576331580829,
                    0.0938792816491908, 0.4401791651233949, 1.0,
                    0.31105544465978535,
                  ],
                  [
                    0.7698806562617596, 0.056802808375239724, 0.450478184904359,
                    0.27281656305546603, -0.1475663832367419,
                    0.20177970890368935, 0.2397794858478167,
                    0.24747189887026985, 0.31105544465978535, 1.0,
                  ],
                ],
                type: "heatmap",
                xaxis: "x",
                yaxis: "y",
                hovertemplate:
                  "x: %{x}<br>y: %{y}<br>color: %{z}<extra></extra>",
              },
            ],
            {
              template: {
                data: {
                  histogram2dcontour: [
                    {
                      type: "histogram2dcontour",
                      colorbar: { outlinewidth: 0, ticks: "" },
                      colorscale: [
                        [0.0, "#0d0887"],
                        [0.1111111111111111, "#46039f"],
                        [0.2222222222222222, "#7201a8"],
                        [0.3333333333333333, "#9c179e"],
                        [0.4444444444444444, "#bd3786"],
                        [0.5555555555555556, "#d8576b"],
                        [0.6666666666666666, "#ed7953"],
                        [0.7777777777777778, "#fb9f3a"],
                        [0.8888888888888888, "#fdca26"],
                        [1.0, "#f0f921"],
                      ],
                    },
                  ],
                  choropleth: [
                    {
                      type: "choropleth",
                      colorbar: { outlinewidth: 0, ticks: "" },
                    },
                  ],
                  histogram2d: [
                    {
                      type: "histogram2d",
                      colorbar: { outlinewidth: 0, ticks: "" },
                      colorscale: [
                        [0.0, "#0d0887"],
                        [0.1111111111111111, "#46039f"],
                        [0.2222222222222222, "#7201a8"],
                        [0.3333333333333333, "#9c179e"],
                        [0.4444444444444444, "#bd3786"],
                        [0.5555555555555556, "#d8576b"],
                        [0.6666666666666666, "#ed7953"],
                        [0.7777777777777778, "#fb9f3a"],
                        [0.8888888888888888, "#fdca26"],
                        [1.0, "#f0f921"],
                      ],
                    },
                  ],
                  heatmap: [
                    {
                      type: "heatmap",
                      colorbar: { outlinewidth: 0, ticks: "" },
                      colorscale: [
                        [0.0, "#0d0887"],
                        [0.1111111111111111, "#46039f"],
                        [0.2222222222222222, "#7201a8"],
                        [0.3333333333333333, "#9c179e"],
                        [0.4444444444444444, "#bd3786"],
                        [0.5555555555555556, "#d8576b"],
                        [0.6666666666666666, "#ed7953"],
                        [0.7777777777777778, "#fb9f3a"],
                        [0.8888888888888888, "#fdca26"],
                        [1.0, "#f0f921"],
                      ],
                    },
                  ],
                  heatmapgl: [
                    {
                      type: "heatmapgl",
                      colorbar: { outlinewidth: 0, ticks: "" },
                      colorscale: [
                        [0.0, "#0d0887"],
                        [0.1111111111111111, "#46039f"],
                        [0.2222222222222222, "#7201a8"],
                        [0.3333333333333333, "#9c179e"],
                        [0.4444444444444444, "#bd3786"],
                        [0.5555555555555556, "#d8576b"],
                        [0.6666666666666666, "#ed7953"],
                        [0.7777777777777778, "#fb9f3a"],
                        [0.8888888888888888, "#fdca26"],
                        [1.0, "#f0f921"],
                      ],
                    },
                  ],
                  contourcarpet: [
                    {
                      type: "contourcarpet",
                      colorbar: { outlinewidth: 0, ticks: "" },
                    },
                  ],
                  contour: [
                    {
                      type: "contour",
                      colorbar: { outlinewidth: 0, ticks: "" },
                      colorscale: [
                        [0.0, "#0d0887"],
                        [0.1111111111111111, "#46039f"],
                        [0.2222222222222222, "#7201a8"],
                        [0.3333333333333333, "#9c179e"],
                        [0.4444444444444444, "#bd3786"],
                        [0.5555555555555556, "#d8576b"],
                        [0.6666666666666666, "#ed7953"],
                        [0.7777777777777778, "#fb9f3a"],
                        [0.8888888888888888, "#fdca26"],
                        [1.0, "#f0f921"],
                      ],
                    },
                  ],
                  surface: [
                    {
                      type: "surface",
                      colorbar: { outlinewidth: 0, ticks: "" },
                      colorscale: [
                        [0.0, "#0d0887"],
                        [0.1111111111111111, "#46039f"],
                        [0.2222222222222222, "#7201a8"],
                        [0.3333333333333333, "#9c179e"],
                        [0.4444444444444444, "#bd3786"],
                        [0.5555555555555556, "#d8576b"],
                        [0.6666666666666666, "#ed7953"],
                        [0.7777777777777778, "#fb9f3a"],
                        [0.8888888888888888, "#fdca26"],
                        [1.0, "#f0f921"],
                      ],
                    },
                  ],
                  mesh3d: [
                    {
                      type: "mesh3d",
                      colorbar: { outlinewidth: 0, ticks: "" },
                    },
                  ],
                  scatter: [
                    {
                      fillpattern: {
                        fillmode: "overlay",
                        size: 10,
                        solidity: 0.2,
                      },
                      type: "scatter",
                    },
                  ],
                  parcoords: [
                    {
                      type: "parcoords",
                      line: { colorbar: { outlinewidth: 0, ticks: "" } },
                    },
                  ],
                  scatterpolargl: [
                    {
                      type: "scatterpolargl",
                      marker: { colorbar: { outlinewidth: 0, ticks: "" } },
                    },
                  ],
                  bar: [
                    {
                      error_x: { color: "#2a3f5f" },
                      error_y: { color: "#2a3f5f" },
                      marker: {
                        line: { color: "#E5ECF6", width: 0.5 },
                        pattern: {
                          fillmode: "overlay",
                          size: 10,
                          solidity: 0.2,
                        },
                      },
                      type: "bar",
                    },
                  ],
                  scattergeo: [
                    {
                      type: "scattergeo",
                      marker: { colorbar: { outlinewidth: 0, ticks: "" } },
                    },
                  ],
                  scatterpolar: [
                    {
                      type: "scatterpolar",
                      marker: { colorbar: { outlinewidth: 0, ticks: "" } },
                    },
                  ],
                  histogram: [
                    {
                      marker: {
                        pattern: {
                          fillmode: "overlay",
                          size: 10,
                          solidity: 0.2,
                        },
                      },
                      type: "histogram",
                    },
                  ],
                  scattergl: [
                    {
                      type: "scattergl",
                      marker: { colorbar: { outlinewidth: 0, ticks: "" } },
                    },
                  ],
                  scatter3d: [
                    {
                      type: "scatter3d",
                      line: { colorbar: { outlinewidth: 0, ticks: "" } },
                      marker: { colorbar: { outlinewidth: 0, ticks: "" } },
                    },
                  ],
                  scattermapbox: [
                    {
                      type: "scattermapbox",
                      marker: { colorbar: { outlinewidth: 0, ticks: "" } },
                    },
                  ],
                  scatterternary: [
                    {
                      type: "scatterternary",
                      marker: { colorbar: { outlinewidth: 0, ticks: "" } },
                    },
                  ],
                  scattercarpet: [
                    {
                      type: "scattercarpet",
                      marker: { colorbar: { outlinewidth: 0, ticks: "" } },
                    },
                  ],
                  carpet: [
                    {
                      aaxis: {
                        endlinecolor: "#2a3f5f",
                        gridcolor: "white",
                        linecolor: "white",
                        minorgridcolor: "white",
                        startlinecolor: "#2a3f5f",
                      },
                      baxis: {
                        endlinecolor: "#2a3f5f",
                        gridcolor: "white",
                        linecolor: "white",
                        minorgridcolor: "white",
                        startlinecolor: "#2a3f5f",
                      },
                      type: "carpet",
                    },
                  ],
                  table: [
                    {
                      cells: {
                        fill: { color: "#EBF0F8" },
                        line: { color: "white" },
                      },
                      header: {
                        fill: { color: "#C8D4E3" },
                        line: { color: "white" },
                      },
                      type: "table",
                    },
                  ],
                  barpolar: [
                    {
                      marker: {
                        line: { color: "#E5ECF6", width: 0.5 },
                        pattern: {
                          fillmode: "overlay",
                          size: 10,
                          solidity: 0.2,
                        },
                      },
                      type: "barpolar",
                    },
                  ],
                  pie: [{ automargin: true, type: "pie" }],
                },
                layout: {
                  autotypenumbers: "strict",
                  colorway: [
                    "#636efa",
                    "#EF553B",
                    "#00cc96",
                    "#ab63fa",
                    "#FFA15A",
                    "#19d3f3",
                    "#FF6692",
                    "#B6E880",
                    "#FF97FF",
                    "#FECB52",
                  ],
                  font: { color: "#2a3f5f" },
                  hovermode: "closest",
                  hoverlabel: { align: "left" },
                  paper_bgcolor: "white",
                  plot_bgcolor: "#E5ECF6",
                  polar: {
                    bgcolor: "#E5ECF6",
                    angularaxis: {
                      gridcolor: "white",
                      linecolor: "white",
                      ticks: "",
                    },
                    radialaxis: {
                      gridcolor: "white",
                      linecolor: "white",
                      ticks: "",
                    },
                  },
                  ternary: {
                    bgcolor: "#E5ECF6",
                    aaxis: {
                      gridcolor: "white",
                      linecolor: "white",
                      ticks: "",
                    },
                    baxis: {
                      gridcolor: "white",
                      linecolor: "white",
                      ticks: "",
                    },
                    caxis: {
                      gridcolor: "white",
                      linecolor: "white",
                      ticks: "",
                    },
                  },
                  coloraxis: { colorbar: { outlinewidth: 0, ticks: "" } },
                  colorscale: {
                    sequential: [
                      [0.0, "#0d0887"],
                      [0.1111111111111111, "#46039f"],
                      [0.2222222222222222, "#7201a8"],
                      [0.3333333333333333, "#9c179e"],
                      [0.4444444444444444, "#bd3786"],
                      [0.5555555555555556, "#d8576b"],
                      [0.6666666666666666, "#ed7953"],
                      [0.7777777777777778, "#fb9f3a"],
                      [0.8888888888888888, "#fdca26"],
                      [1.0, "#f0f921"],
                    ],
                    sequentialminus: [
                      [0.0, "#0d0887"],
                      [0.1111111111111111, "#46039f"],
                      [0.2222222222222222, "#7201a8"],
                      [0.3333333333333333, "#9c179e"],
                      [0.4444444444444444, "#bd3786"],
                      [0.5555555555555556, "#d8576b"],
                      [0.6666666666666666, "#ed7953"],
                      [0.7777777777777778, "#fb9f3a"],
                      [0.8888888888888888, "#fdca26"],
                      [1.0, "#f0f921"],
                    ],
                    diverging: [
                      [0, "#8e0152"],
                      [0.1, "#c51b7d"],
                      [0.2, "#de77ae"],
                      [0.3, "#f1b6da"],
                      [0.4, "#fde0ef"],
                      [0.5, "#f7f7f7"],
                      [0.6, "#e6f5d0"],
                      [0.7, "#b8e186"],
                      [0.8, "#7fbc41"],
                      [0.9, "#4d9221"],
                      [1, "#276419"],
                    ],
                  },
                  xaxis: {
                    gridcolor: "white",
                    linecolor: "white",
                    ticks: "",
                    title: { standoff: 15 },
                    zerolinecolor: "white",
                    automargin: true,
                    zerolinewidth: 2,
                  },
                  yaxis: {
                    gridcolor: "white",
                    linecolor: "white",
                    ticks: "",
                    title: { standoff: 15 },
                    zerolinecolor: "white",
                    automargin: true,
                    zerolinewidth: 2,
                  },
                  scene: {
                    xaxis: {
                      backgroundcolor: "#E5ECF6",
                      gridcolor: "white",
                      linecolor: "white",
                      showbackground: true,
                      ticks: "",
                      zerolinecolor: "white",
                      gridwidth: 2,
                    },
                    yaxis: {
                      backgroundcolor: "#E5ECF6",
                      gridcolor: "white",
                      linecolor: "white",
                      showbackground: true,
                      ticks: "",
                      zerolinecolor: "white",
                      gridwidth: 2,
                    },
                    zaxis: {
                      backgroundcolor: "#E5ECF6",
                      gridcolor: "white",
                      linecolor: "white",
                      showbackground: true,
                      ticks: "",
                      zerolinecolor: "white",
                      gridwidth: 2,
                    },
                  },
                  shapedefaults: { line: { color: "#2a3f5f" } },
                  annotationdefaults: {
                    arrowcolor: "#2a3f5f",
                    arrowhead: 0,
                    arrowwidth: 1,
                  },
                  geo: {
                    bgcolor: "white",
                    landcolor: "#E5ECF6",
                    subunitcolor: "white",
                    showland: true,
                    showlakes: true,
                    lakecolor: "white",
                  },
                  title: { x: 0.05 },
                  mapbox: { style: "light" },
                },
              },
              xaxis: {
                anchor: "y",
                domain: [0.0, 1.0],
                scaleanchor: "y",
                constrain: "domain",
              },
              yaxis: {
                anchor: "x",
                domain: [0.0, 1.0],
                autorange: "reversed",
                constrain: "domain",
              },
              coloraxis: {
                colorscale: [
                  [0.0, "#313131"],
                  [0.0625, "#97023d"],
                  [0.125, "#d90d39"],
                  [0.1875, "#f8432d"],
                  [0.25, "#ff8e25"],
                  [0.3125, "#f7da29"],
                  [0.375, "#fafd5b"],
                  [0.4375, "#fffda9"],
                  [0.5, "#f3f3f1"],
                  [0.5625, "#aefdff"],
                  [0.625, "#60fdfa"],
                  [0.6875, "#2adef6"],
                  [0.75, "#2593ff"],
                  [0.8125, "#2d47f9"],
                  [0.875, "#3810dc"],
                  [0.9375, "#3d019d"],
                  [1.0, "#313131"],
                ],
                cmin: -1,
                cmax: 1,
              },
              margin: { t: 60 },
            },
            { responsive: true }
          );
        }
      </script>
    </div>
  </body>
</html>
