<html>
<head><meta charset="utf-8" /></head>
<body>
    <div>                        <script type="text/javascript">window.PlotlyConfig = {MathJaxConfig: 'local'};</script>
        <script src="https://cdn.plot.ly/plotly-2.18.0.min.js"></script>                <div id="2517f839-5b49-4b72-b7b5-7ef7e77d62c7" class="plotly-graph-div" style="height:100%; width:100%;"></div>            <script type="text/javascript">                                    window.PLOTLYENV=window.PLOTLYENV || {};                                    if (document.getElementById("2517f839-5b49-4b72-b7b5-7ef7e77d62c7")) {                    Plotly.newPlot(                        "2517f839-5b49-4b72-b7b5-7ef7e77d62c7",                        [{"coloraxis":"coloraxis","name":"0","texttemplate":"%{z}","x":["diff_BA","diff_OBA","diff_XBH","diff_Score_Diff","diff_inn_p","diff_thrown","diff_ppi","diff_CERA","diff_PTB","diff_Pythag","diff_ISO","diff_WHIP","diff_OBP"],"y":["diff_BA","diff_OBA","diff_XBH","diff_Score_Diff","diff_inn_p","diff_thrown","diff_ppi","diff_CERA","diff_PTB","diff_Pythag","diff_ISO","diff_WHIP","diff_OBP"],"z":[[1.0,0.060406250552522404,0.5061030639488319,0.5001601072370941,-0.03269277553220047,0.028788302539384768,0.10585252812580166,0.0737620530844246,0.05606539907676953,0.4825567753238958,0.3436833726566444,0.062250892947360234,0.15815594341987405],[0.060406250552522404,1.0,0.030848972137133637,-0.441330561093337,-0.4073043562153761,-0.2792482995609504,0.2118367460542711,0.5062556738726781,0.32697737424365664,-0.439156782701634,0.033502814801809576,0.8820656296666233,0.023992002092317003],[0.5061030639488319,0.030848972137133637,1.0,0.47311784120879424,0.04944269413797075,0.10225202077732809,0.08571740289148336,0.19221359061190404,0.17787162009020277,0.46237627706670703,0.9124636929251739,0.04840842770254963,0.1278817475940852],[0.5001601072370941,-0.441330561093337,0.47311784120879424,1.0,0.3796282824772914,0.18941773510473733,-0.2210540019439542,-0.326598652425214,-0.09021464571863357,0.9712721374295423,0.4373552583847252,-0.46599049501245077,0.08494475788255568],[-0.03269277553220047,-0.4073043562153761,0.04944269413797075,0.3796282824772914,1.0,0.7411673662448026,-0.244102090623162,-0.15923744756912284,0.30289832542447126,0.3991182841677415,0.11040673115457109,-0.5518063720240627,-0.02563966994199772],[0.028788302539384768,-0.2792482995609504,0.10225202077732809,0.18941773510473733,0.7411673662448026,1.0,0.4394790113509533,0.17998100120915236,0.37355488068856824,0.18841187796197903,0.14748950969303937,-0.24510776558480285,-0.019792928372737013],[0.10585252812580166,0.2118367460542711,0.08571740289148336,-0.2210540019439542,-0.244102090623162,0.4394790113509533,1.0,0.49451985046706587,0.18162716329635406,-0.25128269167298906,0.06913350338978037,0.4345303738179252,0.006812151782629348],[0.0737620530844246,0.5062556738726781,0.19221359061190404,-0.326598652425214,-0.15923744756912284,0.17998100120915236,0.49451985046706587,1.0,0.7749906733276671,-0.36197101211311505,0.22086848848521026,0.48852992673482715,0.049251731477580774],[0.05606539907676953,0.32697737424365664,0.17787162009020277,-0.09021464571863357,0.30289832542447126,0.37355488068856824,0.18162716329635406,0.7749906733276671,1.0,-0.1105264386669303,0.2559177543920145,0.12599546860862035,0.024426305477880716],[0.4825567753238958,-0.439156782701634,0.46237627706670703,0.9712721374295423,0.3991182841677415,0.18841187796197903,-0.25128269167298906,-0.36197101211311505,-0.1105264386669303,1.0,0.44077053246498976,-0.46665236102804253,0.07695518714969757],[0.3436833726566444,0.033502814801809576,0.9124636929251739,0.4373552583847252,0.11040673115457109,0.14748950969303937,0.06913350338978037,0.22086848848521026,0.2559177543920145,0.44077053246498976,1.0,0.02289641569568463,0.09989889632887188],[0.062250892947360234,0.8820656296666233,0.04840842770254963,-0.46599049501245077,-0.5518063720240627,-0.24510776558480285,0.4345303738179252,0.48852992673482715,0.12599546860862035,-0.46665236102804253,0.02289641569568463,1.0,0.03304195328067751],[0.15815594341987405,0.023992002092317003,0.1278817475940852,0.08494475788255568,-0.02563966994199772,-0.019792928372737013,0.006812151782629348,0.049251731477580774,0.024426305477880716,0.07695518714969757,0.09989889632887188,0.03304195328067751,1.0]],"type":"heatmap","xaxis":"x","yaxis":"y","hovertemplate":"x: %{x}<br>y: %{y}<br>color: %{z}<extra></extra>"}],                        {"template":{"data":{"histogram2dcontour":[{"type":"histogram2dcontour","colorbar":{"outlinewidth":0,"ticks":""},"colorscale":[[0.0,"#0d0887"],[0.1111111111111111,"#46039f"],[0.2222222222222222,"#7201a8"],[0.3333333333333333,"#9c179e"],[0.4444444444444444,"#bd3786"],[0.5555555555555556,"#d8576b"],[0.6666666666666666,"#ed7953"],[0.7777777777777778,"#fb9f3a"],[0.8888888888888888,"#fdca26"],[1.0,"#f0f921"]]}],"choropleth":[{"type":"choropleth","colorbar":{"outlinewidth":0,"ticks":""}}],"histogram2d":[{"type":"histogram2d","colorbar":{"outlinewidth":0,"ticks":""},"colorscale":[[0.0,"#0d0887"],[0.1111111111111111,"#46039f"],[0.2222222222222222,"#7201a8"],[0.3333333333333333,"#9c179e"],[0.4444444444444444,"#bd3786"],[0.5555555555555556,"#d8576b"],[0.6666666666666666,"#ed7953"],[0.7777777777777778,"#fb9f3a"],[0.8888888888888888,"#fdca26"],[1.0,"#f0f921"]]}],"heatmap":[{"type":"heatmap","colorbar":{"outlinewidth":0,"ticks":""},"colorscale":[[0.0,"#0d0887"],[0.1111111111111111,"#46039f"],[0.2222222222222222,"#7201a8"],[0.3333333333333333,"#9c179e"],[0.4444444444444444,"#bd3786"],[0.5555555555555556,"#d8576b"],[0.6666666666666666,"#ed7953"],[0.7777777777777778,"#fb9f3a"],[0.8888888888888888,"#fdca26"],[1.0,"#f0f921"]]}],"heatmapgl":[{"type":"heatmapgl","colorbar":{"outlinewidth":0,"ticks":""},"colorscale":[[0.0,"#0d0887"],[0.1111111111111111,"#46039f"],[0.2222222222222222,"#7201a8"],[0.3333333333333333,"#9c179e"],[0.4444444444444444,"#bd3786"],[0.5555555555555556,"#d8576b"],[0.6666666666666666,"#ed7953"],[0.7777777777777778,"#fb9f3a"],[0.8888888888888888,"#fdca26"],[1.0,"#f0f921"]]}],"contourcarpet":[{"type":"contourcarpet","colorbar":{"outlinewidth":0,"ticks":""}}],"contour":[{"type":"contour","colorbar":{"outlinewidth":0,"ticks":""},"colorscale":[[0.0,"#0d0887"],[0.1111111111111111,"#46039f"],[0.2222222222222222,"#7201a8"],[0.3333333333333333,"#9c179e"],[0.4444444444444444,"#bd3786"],[0.5555555555555556,"#d8576b"],[0.6666666666666666,"#ed7953"],[0.7777777777777778,"#fb9f3a"],[0.8888888888888888,"#fdca26"],[1.0,"#f0f921"]]}],"surface":[{"type":"surface","colorbar":{"outlinewidth":0,"ticks":""},"colorscale":[[0.0,"#0d0887"],[0.1111111111111111,"#46039f"],[0.2222222222222222,"#7201a8"],[0.3333333333333333,"#9c179e"],[0.4444444444444444,"#bd3786"],[0.5555555555555556,"#d8576b"],[0.6666666666666666,"#ed7953"],[0.7777777777777778,"#fb9f3a"],[0.8888888888888888,"#fdca26"],[1.0,"#f0f921"]]}],"mesh3d":[{"type":"mesh3d","colorbar":{"outlinewidth":0,"ticks":""}}],"scatter":[{"fillpattern":{"fillmode":"overlay","size":10,"solidity":0.2},"type":"scatter"}],"parcoords":[{"type":"parcoords","line":{"colorbar":{"outlinewidth":0,"ticks":""}}}],"scatterpolargl":[{"type":"scatterpolargl","marker":{"colorbar":{"outlinewidth":0,"ticks":""}}}],"bar":[{"error_x":{"color":"#2a3f5f"},"error_y":{"color":"#2a3f5f"},"marker":{"line":{"color":"#E5ECF6","width":0.5},"pattern":{"fillmode":"overlay","size":10,"solidity":0.2}},"type":"bar"}],"scattergeo":[{"type":"scattergeo","marker":{"colorbar":{"outlinewidth":0,"ticks":""}}}],"scatterpolar":[{"type":"scatterpolar","marker":{"colorbar":{"outlinewidth":0,"ticks":""}}}],"histogram":[{"marker":{"pattern":{"fillmode":"overlay","size":10,"solidity":0.2}},"type":"histogram"}],"scattergl":[{"type":"scattergl","marker":{"colorbar":{"outlinewidth":0,"ticks":""}}}],"scatter3d":[{"type":"scatter3d","line":{"colorbar":{"outlinewidth":0,"ticks":""}},"marker":{"colorbar":{"outlinewidth":0,"ticks":""}}}],"scattermapbox":[{"type":"scattermapbox","marker":{"colorbar":{"outlinewidth":0,"ticks":""}}}],"scatterternary":[{"type":"scatterternary","marker":{"colorbar":{"outlinewidth":0,"ticks":""}}}],"scattercarpet":[{"type":"scattercarpet","marker":{"colorbar":{"outlinewidth":0,"ticks":""}}}],"carpet":[{"aaxis":{"endlinecolor":"#2a3f5f","gridcolor":"white","linecolor":"white","minorgridcolor":"white","startlinecolor":"#2a3f5f"},"baxis":{"endlinecolor":"#2a3f5f","gridcolor":"white","linecolor":"white","minorgridcolor":"white","startlinecolor":"#2a3f5f"},"type":"carpet"}],"table":[{"cells":{"fill":{"color":"#EBF0F8"},"line":{"color":"white"}},"header":{"fill":{"color":"#C8D4E3"},"line":{"color":"white"}},"type":"table"}],"barpolar":[{"marker":{"line":{"color":"#E5ECF6","width":0.5},"pattern":{"fillmode":"overlay","size":10,"solidity":0.2}},"type":"barpolar"}],"pie":[{"automargin":true,"type":"pie"}]},"layout":{"autotypenumbers":"strict","colorway":["#636efa","#EF553B","#00cc96","#ab63fa","#FFA15A","#19d3f3","#FF6692","#B6E880","#FF97FF","#FECB52"],"font":{"color":"#2a3f5f"},"hovermode":"closest","hoverlabel":{"align":"left"},"paper_bgcolor":"white","plot_bgcolor":"#E5ECF6","polar":{"bgcolor":"#E5ECF6","angularaxis":{"gridcolor":"white","linecolor":"white","ticks":""},"radialaxis":{"gridcolor":"white","linecolor":"white","ticks":""}},"ternary":{"bgcolor":"#E5ECF6","aaxis":{"gridcolor":"white","linecolor":"white","ticks":""},"baxis":{"gridcolor":"white","linecolor":"white","ticks":""},"caxis":{"gridcolor":"white","linecolor":"white","ticks":""}},"coloraxis":{"colorbar":{"outlinewidth":0,"ticks":""}},"colorscale":{"sequential":[[0.0,"#0d0887"],[0.1111111111111111,"#46039f"],[0.2222222222222222,"#7201a8"],[0.3333333333333333,"#9c179e"],[0.4444444444444444,"#bd3786"],[0.5555555555555556,"#d8576b"],[0.6666666666666666,"#ed7953"],[0.7777777777777778,"#fb9f3a"],[0.8888888888888888,"#fdca26"],[1.0,"#f0f921"]],"sequentialminus":[[0.0,"#0d0887"],[0.1111111111111111,"#46039f"],[0.2222222222222222,"#7201a8"],[0.3333333333333333,"#9c179e"],[0.4444444444444444,"#bd3786"],[0.5555555555555556,"#d8576b"],[0.6666666666666666,"#ed7953"],[0.7777777777777778,"#fb9f3a"],[0.8888888888888888,"#fdca26"],[1.0,"#f0f921"]],"diverging":[[0,"#8e0152"],[0.1,"#c51b7d"],[0.2,"#de77ae"],[0.3,"#f1b6da"],[0.4,"#fde0ef"],[0.5,"#f7f7f7"],[0.6,"#e6f5d0"],[0.7,"#b8e186"],[0.8,"#7fbc41"],[0.9,"#4d9221"],[1,"#276419"]]},"xaxis":{"gridcolor":"white","linecolor":"white","ticks":"","title":{"standoff":15},"zerolinecolor":"white","automargin":true,"zerolinewidth":2},"yaxis":{"gridcolor":"white","linecolor":"white","ticks":"","title":{"standoff":15},"zerolinecolor":"white","automargin":true,"zerolinewidth":2},"scene":{"xaxis":{"backgroundcolor":"#E5ECF6","gridcolor":"white","linecolor":"white","showbackground":true,"ticks":"","zerolinecolor":"white","gridwidth":2},"yaxis":{"backgroundcolor":"#E5ECF6","gridcolor":"white","linecolor":"white","showbackground":true,"ticks":"","zerolinecolor":"white","gridwidth":2},"zaxis":{"backgroundcolor":"#E5ECF6","gridcolor":"white","linecolor":"white","showbackground":true,"ticks":"","zerolinecolor":"white","gridwidth":2}},"shapedefaults":{"line":{"color":"#2a3f5f"}},"annotationdefaults":{"arrowcolor":"#2a3f5f","arrowhead":0,"arrowwidth":1},"geo":{"bgcolor":"white","landcolor":"#E5ECF6","subunitcolor":"white","showland":true,"showlakes":true,"lakecolor":"white"},"title":{"x":0.05},"mapbox":{"style":"light"}}},"xaxis":{"anchor":"y","domain":[0.0,1.0],"scaleanchor":"y","constrain":"domain"},"yaxis":{"anchor":"x","domain":[0.0,1.0],"autorange":"reversed","constrain":"domain"},"coloraxis":{"colorscale":[[0.0,"#313131"],[0.0625,"#97023d"],[0.125,"#d90d39"],[0.1875,"#f8432d"],[0.25,"#ff8e25"],[0.3125,"#f7da29"],[0.375,"#fafd5b"],[0.4375,"#fffda9"],[0.5,"#f3f3f1"],[0.5625,"#aefdff"],[0.625,"#60fdfa"],[0.6875,"#2adef6"],[0.75,"#2593ff"],[0.8125,"#2d47f9"],[0.875,"#3810dc"],[0.9375,"#3d019d"],[1.0,"#313131"]],"cmin":-1,"cmax":1},"margin":{"t":60}},                        {"responsive": true}                    )                };                            </script>        </div>
</body>
</html>