<html>
<head><meta charset="utf-8" /></head>
<body>
    <div>                        <script type="text/javascript">window.PlotlyConfig = {MathJaxConfig: 'local'};</script>
        <script src="https://cdn.plot.ly/plotly-2.18.0.min.js"></script>                <div id="7d8bca09-b9e4-41ae-b205-2e95383c1769" class="plotly-graph-div" style="height:100%; width:100%;"></div>            <script type="text/javascript">                                    window.PLOTLYENV=window.PLOTLYENV || {};                                    if (document.getElementById("7d8bca09-b9e4-41ae-b205-2e95383c1769")) {                    Plotly.newPlot(                        "7d8bca09-b9e4-41ae-b205-2e95383c1769",                        [{"coloraxis":"coloraxis","name":"0","texttemplate":"%{z}","x":["diff_BA","diff_OBA","diff_XBH","diff_Score_Diff","diff_inn_p","diff_thrown","diff_ppi","diff_CERA","diff_PTB","diff_Pythag","diff_ISO","diff_WHIP","diff_OBP","diff_BABIP","diff_DICE"],"y":["diff_BA","diff_OBA","diff_XBH","diff_Score_Diff","diff_inn_p","diff_thrown","diff_ppi","diff_CERA","diff_PTB","diff_Pythag","diff_ISO","diff_WHIP","diff_OBP","diff_BABIP","diff_DICE"],"z":[[1.0,0.06182451538873316,0.4356168001769134,0.46122791915229994,-0.05379740654760172,-0.00954192888007026,0.07820212656115262,0.06643380580856625,0.041814482614613915,0.4551783352696594,0.28379733237742005,0.05550621244651609,0.14862784078855787,0.8089943757084265,-0.008797657771403102],[0.06182451538873316,1.0,0.021548491642486827,-0.5180389555014971,-0.4977994421025911,-0.41136959867692646,0.21467817292375166,0.7417781518484955,0.5553745061627947,-0.520330392829509,0.02508978055545382,0.852460608626379,0.03610907447643516,0.12271656271058642,0.08556963167168977],[0.4356168001769134,0.021548491642486827,1.0,0.44824727850252427,0.058513667547402774,0.09694278710727129,0.04337496591678649,0.20851139719586287,0.1923728570946057,0.44719507058704544,0.9172773336069776,0.04238852461810148,0.11236177590573701,0.4011792961395675,0.06326208606854265],[0.46122791915229994,-0.5180389555014971,0.44824727850252427,1.0,0.41628545281014795,0.1846436062372729,-0.3407928400779435,-0.43757023718807103,-0.17948496389700883,0.9968274648827848,0.4230160244387385,-0.5855633077303375,0.07218812482392667,0.29404952220554875,-0.13788837855806185],[-0.05379740654760172,-0.4977994421025911,0.058513667547402774,0.41628545281014795,1.0,0.6745021418407899,-0.5246927659832147,-0.3685230309080281,0.10831437210893989,0.4215925346174617,0.1041397828975189,-0.6705906050922685,-0.0370430051875295,-0.17798775059753286,-0.13534395813562222],[-0.00954192888007026,-0.41136959867692646,0.09694278710727129,0.1846436062372729,0.6745021418407899,1.0,0.22963310508171797,-0.0676618118637088,0.08567338028385998,0.1883649631017458,0.1275107390657699,-0.29645385053497947,-0.03714350882085181,-0.11980811846769478,0.04040987750096547],[0.07820212656115262,0.21467817292375166,0.04337496591678649,-0.3407928400779435,-0.5246927659832147,0.22963310508171797,1.0,0.4427242819131307,-0.03251008011518443,-0.34265765588830327,0.017875718105264893,0.56970937249421,0.003812647429421227,0.11853434899793354,0.23984778991727956],[0.06643380580856625,0.7417781518484955,0.20851139719586287,-0.43757023718807103,-0.3685230309080281,-0.0676618118637088,0.4427242819131307,1.0,0.7248305963546624,-0.4369180512324962,0.21909148444628335,0.7993821329063208,0.04764603091341548,0.08095266125921823,0.2385047529040959],[0.041814482614613915,0.5553745061627947,0.1923728570946057,-0.17948496389700883,0.10831437210893989,0.08567338028385998,-0.03251008011518443,0.7248305963546624,1.0,-0.17642114468665138,0.25238146771689707,0.3323553257822787,0.019125486437225406,-0.015393884581683,0.13303887508448206],[0.4551783352696594,-0.520330392829509,0.44719507058704544,0.9968274648827848,0.4215925346174617,0.1883649631017458,-0.34265765588830327,-0.4369180512324962,-0.17642114468665138,1.0,0.4239304632943953,-0.5875871334220591,0.06991848713247986,0.2859745566672064,-0.13615175917905134],[0.28379733237742005,0.02508978055545382,0.9172773336069776,0.4230160244387385,0.1041397828975189,0.1275107390657699,0.017875718105264893,0.21909148444628335,0.25238146771689707,0.4239304632943953,1.0,0.015260728971733818,0.09044826021481626,0.19875540959757476,0.06810196314250026],[0.05550621244651609,0.852460608626379,0.04238852461810148,-0.5855633077303375,-0.6705906050922685,-0.29645385053497947,0.56970937249421,0.7993821329063208,0.3323553257822787,-0.5875871334220591,0.015260728971733818,1.0,0.0456081422770831,0.13055462590270406,0.18341613190038947],[0.14862784078855787,0.03610907447643516,0.11236177590573701,0.07218812482392667,-0.0370430051875295,-0.03714350882085181,0.003812647429421227,0.04764603091341548,0.019125486437225406,0.06991848713247986,0.09044826021481626,0.0456081422770831,1.0,0.13470767475129242,0.040484885943279175],[0.8089943757084265,0.12271656271058642,0.4011792961395675,0.29404952220554875,-0.17798775059753286,-0.11980811846769478,0.11853434899793354,0.08095266125921823,-0.015393884581683,0.2859745566672064,0.19875540959757476,0.13055462590270406,0.13470767475129242,1.0,0.01635742943672156],[-0.008797657771403102,0.08556963167168977,0.06326208606854265,-0.13788837855806185,-0.13534395813562222,0.04040987750096547,0.23984778991727956,0.2385047529040959,0.13303887508448206,-0.13615175917905134,0.06810196314250026,0.18341613190038947,0.040484885943279175,0.01635742943672156,1.0]],"type":"heatmap","xaxis":"x","yaxis":"y","hovertemplate":"x: %{x}<br>y: %{y}<br>color: %{z}<extra></extra>"}],                        {"template":{"data":{"histogram2dcontour":[{"type":"histogram2dcontour","colorbar":{"outlinewidth":0,"ticks":""},"colorscale":[[0.0,"#0d0887"],[0.1111111111111111,"#46039f"],[0.2222222222222222,"#7201a8"],[0.3333333333333333,"#9c179e"],[0.4444444444444444,"#bd3786"],[0.5555555555555556,"#d8576b"],[0.6666666666666666,"#ed7953"],[0.7777777777777778,"#fb9f3a"],[0.8888888888888888,"#fdca26"],[1.0,"#f0f921"]]}],"choropleth":[{"type":"choropleth","colorbar":{"outlinewidth":0,"ticks":""}}],"histogram2d":[{"type":"histogram2d","colorbar":{"outlinewidth":0,"ticks":""},"colorscale":[[0.0,"#0d0887"],[0.1111111111111111,"#46039f"],[0.2222222222222222,"#7201a8"],[0.3333333333333333,"#9c179e"],[0.4444444444444444,"#bd3786"],[0.5555555555555556,"#d8576b"],[0.6666666666666666,"#ed7953"],[0.7777777777777778,"#fb9f3a"],[0.8888888888888888,"#fdca26"],[1.0,"#f0f921"]]}],"heatmap":[{"type":"heatmap","colorbar":{"outlinewidth":0,"ticks":""},"colorscale":[[0.0,"#0d0887"],[0.1111111111111111,"#46039f"],[0.2222222222222222,"#7201a8"],[0.3333333333333333,"#9c179e"],[0.4444444444444444,"#bd3786"],[0.5555555555555556,"#d8576b"],[0.6666666666666666,"#ed7953"],[0.7777777777777778,"#fb9f3a"],[0.8888888888888888,"#fdca26"],[1.0,"#f0f921"]]}],"heatmapgl":[{"type":"heatmapgl","colorbar":{"outlinewidth":0,"ticks":""},"colorscale":[[0.0,"#0d0887"],[0.1111111111111111,"#46039f"],[0.2222222222222222,"#7201a8"],[0.3333333333333333,"#9c179e"],[0.4444444444444444,"#bd3786"],[0.5555555555555556,"#d8576b"],[0.6666666666666666,"#ed7953"],[0.7777777777777778,"#fb9f3a"],[0.8888888888888888,"#fdca26"],[1.0,"#f0f921"]]}],"contourcarpet":[{"type":"contourcarpet","colorbar":{"outlinewidth":0,"ticks":""}}],"contour":[{"type":"contour","colorbar":{"outlinewidth":0,"ticks":""},"colorscale":[[0.0,"#0d0887"],[0.1111111111111111,"#46039f"],[0.2222222222222222,"#7201a8"],[0.3333333333333333,"#9c179e"],[0.4444444444444444,"#bd3786"],[0.5555555555555556,"#d8576b"],[0.6666666666666666,"#ed7953"],[0.7777777777777778,"#fb9f3a"],[0.8888888888888888,"#fdca26"],[1.0,"#f0f921"]]}],"surface":[{"type":"surface","colorbar":{"outlinewidth":0,"ticks":""},"colorscale":[[0.0,"#0d0887"],[0.1111111111111111,"#46039f"],[0.2222222222222222,"#7201a8"],[0.3333333333333333,"#9c179e"],[0.4444444444444444,"#bd3786"],[0.5555555555555556,"#d8576b"],[0.6666666666666666,"#ed7953"],[0.7777777777777778,"#fb9f3a"],[0.8888888888888888,"#fdca26"],[1.0,"#f0f921"]]}],"mesh3d":[{"type":"mesh3d","colorbar":{"outlinewidth":0,"ticks":""}}],"scatter":[{"fillpattern":{"fillmode":"overlay","size":10,"solidity":0.2},"type":"scatter"}],"parcoords":[{"type":"parcoords","line":{"colorbar":{"outlinewidth":0,"ticks":""}}}],"scatterpolargl":[{"type":"scatterpolargl","marker":{"colorbar":{"outlinewidth":0,"ticks":""}}}],"bar":[{"error_x":{"color":"#2a3f5f"},"error_y":{"color":"#2a3f5f"},"marker":{"line":{"color":"#E5ECF6","width":0.5},"pattern":{"fillmode":"overlay","size":10,"solidity":0.2}},"type":"bar"}],"scattergeo":[{"type":"scattergeo","marker":{"colorbar":{"outlinewidth":0,"ticks":""}}}],"scatterpolar":[{"type":"scatterpolar","marker":{"colorbar":{"outlinewidth":0,"ticks":""}}}],"histogram":[{"marker":{"pattern":{"fillmode":"overlay","size":10,"solidity":0.2}},"type":"histogram"}],"scattergl":[{"type":"scattergl","marker":{"colorbar":{"outlinewidth":0,"ticks":""}}}],"scatter3d":[{"type":"scatter3d","line":{"colorbar":{"outlinewidth":0,"ticks":""}},"marker":{"colorbar":{"outlinewidth":0,"ticks":""}}}],"scattermapbox":[{"type":"scattermapbox","marker":{"colorbar":{"outlinewidth":0,"ticks":""}}}],"scatterternary":[{"type":"scatterternary","marker":{"colorbar":{"outlinewidth":0,"ticks":""}}}],"scattercarpet":[{"type":"scattercarpet","marker":{"colorbar":{"outlinewidth":0,"ticks":""}}}],"carpet":[{"aaxis":{"endlinecolor":"#2a3f5f","gridcolor":"white","linecolor":"white","minorgridcolor":"white","startlinecolor":"#2a3f5f"},"baxis":{"endlinecolor":"#2a3f5f","gridcolor":"white","linecolor":"white","minorgridcolor":"white","startlinecolor":"#2a3f5f"},"type":"carpet"}],"table":[{"cells":{"fill":{"color":"#EBF0F8"},"line":{"color":"white"}},"header":{"fill":{"color":"#C8D4E3"},"line":{"color":"white"}},"type":"table"}],"barpolar":[{"marker":{"line":{"color":"#E5ECF6","width":0.5},"pattern":{"fillmode":"overlay","size":10,"solidity":0.2}},"type":"barpolar"}],"pie":[{"automargin":true,"type":"pie"}]},"layout":{"autotypenumbers":"strict","colorway":["#636efa","#EF553B","#00cc96","#ab63fa","#FFA15A","#19d3f3","#FF6692","#B6E880","#FF97FF","#FECB52"],"font":{"color":"#2a3f5f"},"hovermode":"closest","hoverlabel":{"align":"left"},"paper_bgcolor":"white","plot_bgcolor":"#E5ECF6","polar":{"bgcolor":"#E5ECF6","angularaxis":{"gridcolor":"white","linecolor":"white","ticks":""},"radialaxis":{"gridcolor":"white","linecolor":"white","ticks":""}},"ternary":{"bgcolor":"#E5ECF6","aaxis":{"gridcolor":"white","linecolor":"white","ticks":""},"baxis":{"gridcolor":"white","linecolor":"white","ticks":""},"caxis":{"gridcolor":"white","linecolor":"white","ticks":""}},"coloraxis":{"colorbar":{"outlinewidth":0,"ticks":""}},"colorscale":{"sequential":[[0.0,"#0d0887"],[0.1111111111111111,"#46039f"],[0.2222222222222222,"#7201a8"],[0.3333333333333333,"#9c179e"],[0.4444444444444444,"#bd3786"],[0.5555555555555556,"#d8576b"],[0.6666666666666666,"#ed7953"],[0.7777777777777778,"#fb9f3a"],[0.8888888888888888,"#fdca26"],[1.0,"#f0f921"]],"sequentialminus":[[0.0,"#0d0887"],[0.1111111111111111,"#46039f"],[0.2222222222222222,"#7201a8"],[0.3333333333333333,"#9c179e"],[0.4444444444444444,"#bd3786"],[0.5555555555555556,"#d8576b"],[0.6666666666666666,"#ed7953"],[0.7777777777777778,"#fb9f3a"],[0.8888888888888888,"#fdca26"],[1.0,"#f0f921"]],"diverging":[[0,"#8e0152"],[0.1,"#c51b7d"],[0.2,"#de77ae"],[0.3,"#f1b6da"],[0.4,"#fde0ef"],[0.5,"#f7f7f7"],[0.6,"#e6f5d0"],[0.7,"#b8e186"],[0.8,"#7fbc41"],[0.9,"#4d9221"],[1,"#276419"]]},"xaxis":{"gridcolor":"white","linecolor":"white","ticks":"","title":{"standoff":15},"zerolinecolor":"white","automargin":true,"zerolinewidth":2},"yaxis":{"gridcolor":"white","linecolor":"white","ticks":"","title":{"standoff":15},"zerolinecolor":"white","automargin":true,"zerolinewidth":2},"scene":{"xaxis":{"backgroundcolor":"#E5ECF6","gridcolor":"white","linecolor":"white","showbackground":true,"ticks":"","zerolinecolor":"white","gridwidth":2},"yaxis":{"backgroundcolor":"#E5ECF6","gridcolor":"white","linecolor":"white","showbackground":true,"ticks":"","zerolinecolor":"white","gridwidth":2},"zaxis":{"backgroundcolor":"#E5ECF6","gridcolor":"white","linecolor":"white","showbackground":true,"ticks":"","zerolinecolor":"white","gridwidth":2}},"shapedefaults":{"line":{"color":"#2a3f5f"}},"annotationdefaults":{"arrowcolor":"#2a3f5f","arrowhead":0,"arrowwidth":1},"geo":{"bgcolor":"white","landcolor":"#E5ECF6","subunitcolor":"white","showland":true,"showlakes":true,"lakecolor":"white"},"title":{"x":0.05},"mapbox":{"style":"light"}}},"xaxis":{"anchor":"y","domain":[0.0,1.0],"scaleanchor":"y","constrain":"domain"},"yaxis":{"anchor":"x","domain":[0.0,1.0],"autorange":"reversed","constrain":"domain"},"coloraxis":{"colorscale":[[0.0,"#313131"],[0.0625,"#97023d"],[0.125,"#d90d39"],[0.1875,"#f8432d"],[0.25,"#ff8e25"],[0.3125,"#f7da29"],[0.375,"#fafd5b"],[0.4375,"#fffda9"],[0.5,"#f3f3f1"],[0.5625,"#aefdff"],[0.625,"#60fdfa"],[0.6875,"#2adef6"],[0.75,"#2593ff"],[0.8125,"#2d47f9"],[0.875,"#3810dc"],[0.9375,"#3d019d"],[1.0,"#313131"]],"cmin":-1,"cmax":1},"margin":{"t":60}},                        {"responsive": true}                    )                };                            </script>        </div>
</body>
</html>